D55433A437AEC8D8D3DB2BCA56E9E64392A9D93C,117210031795040,83401,8340104,301,20180503190539,20180503233517,20180503
D55433A437AEC8D8D3DB2BCA56E9E64392A9D93C,117205031830040,83401,8340104,510,20180503085547,20180503172154,20180503
D55433A437AEC8D8D3DB2BCA56E9E64392A9D93C,117210031800040,83401,8340104,37,20180503180350,20180503180350,20180503
D55433A437AEC8D8D3DB2BCA56E9E64392A9D93C,117210031820040,83401,8340104,10,20180503173254,20180503173254,20180503
47BE1E866CFC071DB19D5E1C056BE28AE24C16E7,117135031850040,83401,8340104,11,20180503224834,20180503224834,20180503
47BE1E866CFC071DB19D5E1C056BE28AE24C16E7,119560032075040,83211,8321112,0,20180503204816,20180503204816,20180503
47BE1E866CFC071DB19D5E1C056BE28AE24C16E7,119560032075040,83211,8321112,1,20180503104337,20180503104337,20180503
47BE1E866CFC071DB19D5E1C056BE28AE24C16E7,119805031860040,83204,8320412,1,20180503203340,20180503203400,20180503
47BE1E866CFC071DB19D5E1C056BE28AE24C16E7,118850031995040,83201,8320104,0,20180503100209,20180503100209,20180503
47BE1E866CFC071DB19D5E1C056BE28AE24C16E7,121455031245040,83101,8310106,13,20180503185355,20180503185355,20180503
D55433A437AEC8D8D3DB2BCA56E9E64392A9D93C,117210031795040,83401,8340104,301,20180503190539,20180503233517,20180503
D55433A437AEC8D8D3DB2BCA56E9E64392A9D93C,117205031830040,83401,8340104,510,20180503085547,20180503172154,20180503
D55433A437AEC8D8D3DB2BCA56E9E64392A9D93C,117210031800040,83401,8340104,37,20180503180350,20180503180350,20180503
D55433A437AEC8D8D3DB2BCA56E9E64392A9D93C,117210031820040,83401,8340104,10,20180503173254,20180503173254,20180503
47BE1E866CFC071DB19D5E1C056BE28AE24C16E7,117135031850040,83401,8340104,11,20180503224834,20180503224834,20180503
47BE1E866CFC071DB19D5E1C056BE28AE24C16E7,119560032075040,83211,8321112,0,20180503204816,20180503204816,20180503
47BE1E866CFC071DB19D5E1C056BE28AE24C16E7,119560032075040,83211,8321112,1,20180503104337,20180503104337,20180503
47BE1E866CFC071DB19D5E1C056BE28AE24C16E7,119805031860040,83204,8320412,1,20180503203340,20180503203400,20180503
47BE1E866CFC071DB19D5E1C056BE28AE24C16E7,118850031995040,83201,8320104,0,20180503100209,20180503100209,20180503
47BE1E866CFC071DB19D5E1C056BE28AE24C16E7,121455031245040,83101,8310106,13,20180503185355,20180503185355,20180503
47BE1E866CFC071DB19D5E1C056BE28AE24C16E7,118905032060040,83201,8320113,0,20180503211049,20180503211049,20180503
47BE1E866CFC071DB19D5E1C056BE28AE24C16E7,117340031885040,83401,8340102,3,20180503085540,20180503085540,20180503
47BE1E866CFC071DB19D5E1C056BE28AE24C16E7,119770031880040,83204,8320412,0,20180503105143,20180503105143,20180503
47BE1E866CFC071DB19D5E1C056BE28AE24C16E7,118770031955040,83201,8320115,1,20180503095059,20180503095059,20180503
47BE1E866CFC071DB19D5E1C056BE28AE24C16E7,118620031965040,83201,8320111,0,20180503094358,20180503094358,20180503
47BE1E866CFC071DB19D5E1C056BE28AE24C16E7,120820031365040,83205,8320506,0,20180503194415,20180503194415,20180503
47BE1E866CFC071DB19D5E1C056BE28AE24C16E7,120385031495040,83202,8320211,0,20180503112541,20180503112541,20180503
47BE1E866CFC071DB19D5E1C056BE28AE24C16E7,121435031170040,83101,8310104,6,20180503173927,20180503173927,20180503
47BE1E866CFC071DB19D5E1C056BE28AE24C16E7,120430031455040,83202,8320211,0,20180503200139,20180503200139,20180503
47BE1E866CFC071DB19D5E1C056BE28AE24C16E7,117400031800040,83401,8340122,0,20180503221114,20180503221114,20180503
47BE1E866CFC071DB19D5E1C056BE28AE24C16E7,121440031175040,83101,8310104,3,20180503174255,20180503174337,20180503
47BE1E866CFC071DB19D5E1C056BE28AE24C16E7,120325031555040,83202,8320203,1,20180503200512,20180503200512,20180503
47BE1E866CFC071DB19D5E1C056BE28AE24C16E7,121455031185040,83101,8310104,1,20180503175157,20180503175157,20180503
47BE1E866CFC071DB19D5E1C056BE28AE24C16E7,120305031585040,83202,8320202,1,20180503111910,20180503111910,20180503
47BE1E866CFC071DB19D5E1C056BE28AE24C16E7,120680031335040,83205,8320506,0,20180503194724,20180503194724,20180503